VERIFIKASI PERHITUNGAN FILTER BPF
==================================================

1. SPESIFIKASI
   f1 = 770 Hz, fl = 920 Hz, fu = 1040 Hz, f2 = 1155 Hz
   k1 = 2 dB, k2 = 40 dB, fs = 6000 Hz

2. FREKUENSI DIGITAL
   ω1 = 0.806342, ωl = 0.963422, ωu = 1.089085, ω2 = 1.209513

3. PREWARPING
   Ω1 = 0.426536, Ωl = 0.522787, Ωu = 0.605622, Ω2 = 0.691143

4. PARAMETER BPF
   Ω0 = 0.562682, B = 0.082834

5. NORMALISASI
   A = 3.811816, B_norm = 2.813382, Ωr = 2.813382

6. ORDE FILTER
   n_exact = 4.711275, n = 5, Orde BPF = 10

7. KOEFISIEN
   Numerator (b): 11 koefisien
     b[0] = 8.042356421971174e-07
     b[1] = 0.000000000000000e+00
     b[2] = -4.021178210985586e-06
     b[3] = 0.000000000000000e+00
     b[4] = 8.042356421971173e-06
     b[5] = 0.000000000000000e+00
     b[6] = -8.042356421971173e-06
     b[7] = 0.000000000000000e+00
     b[8] = 4.021178210985586e-06
     b[9] = 0.000000000000000e+00
     b[10] = -8.042356421971174e-07

   Denominator (a): 11 koefisien
     a[0] = 1.000000000000000e+00
     a[1] = -4.979477258314466e+00
     a[2] = 1.451562287259609e+01
     a[3] = -2.820373951978697e+01
     a[4] = 4.077853502583027e+01
     a[5] = -4.450427099080981e+01
     a[6] = 3.759129474269417e+01
     a[7] = -2.396692915978984e+01
     a[8] = 1.137070860886065e+01
     a[9] = -3.595553810230719e+00
     a[10] = 6.656525381713619e-01

8. STABILITAS
   Max |pole| = 0.981501 < 1 → STABIL
