Band Pass Filter Coefficients
==================================================

Filter Order: 5
Passband: 920 - 1040 Hz
Sampling Frequency: 6000 Hz

Numerator (b):
  b[0] = 8.042356421971174e-07
  b[1] = 0.000000000000000e+00
  b[2] = -4.021178210985586e-06
  b[3] = 0.000000000000000e+00
  b[4] = 8.042356421971173e-06
  b[5] = 0.000000000000000e+00
  b[6] = -8.042356421971173e-06
  b[7] = 0.000000000000000e+00
  b[8] = 4.021178210985586e-06
  b[9] = 0.000000000000000e+00
  b[10] = -8.042356421971174e-07

Denominator (a):
  a[0] = 1.000000000000000e+00
  a[1] = -4.979477258314466e+00
  a[2] = 1.451562287259609e+01
  a[3] = -2.820373951978697e+01
  a[4] = 4.077853502583027e+01
  a[5] = -4.450427099080981e+01
  a[6] = 3.759129474269417e+01
  a[7] = -2.396692915978984e+01
  a[8] = 1.137070860886065e+01
  a[9] = -3.595553810230719e+00
  a[10] = 6.656525381713619e-01

Difference Equation:
y[n] = 0.000001*x[n] - 0.000004*x[n-2] + 0.000008*x[n-4] - 0.000008*x[n-6] + 0.000004*x[n-8] - 0.000001*x[n-10] + 4.979477*y[n-1] - 14.515623*y[n-2] + 28.203740*y[n-3] - 40.778535*y[n-4] + 44.504271*y[n-5] - 37.591295*y[n-6] + 23.966929*y[n-7] - 11.370709*y[n-8] + 3.595554*y[n-9] - 0.665653*y[n-10]
